  -35.53317    
  -35.53317    
  -35.53317    
  -35.25830    
  -35.24634    
  -35.24634    
  -35.24634    
  -35.24634    
  -35.24634    
  -35.12354    
  -26.8827330847367     
  -37.3158652563676     
  -6.000006    
  -2.970001    
  0.7534375    
          19
  0.0000000E+00
 -0.4325005    
  0.0000000E+00
  0.0000000E+00
  0.0000000E+00
 -0.6959252    
  0.0000000E+00
  0.0000000E+00
  0.0000000E+00
  0.0000000E+00
  -1.010074    
  0.0000000E+00
 -0.7895653    
  0.0000000E+00
  0.0000000E+00
  0.0000000E+00
  0.0000000E+00
 -0.4066152    
  0.0000000E+00
  0.0000000E+00
  0.0000000E+00
  -1.012969    
  0.0000000E+00
  0.0000000E+00
  0.0000000E+00
 -0.4476551    
 -0.6006256    
  0.0000000E+00
  -1.267757    
  0.0000000E+00
  0.0000000E+00
  0.0000000E+00
  0.0000000E+00
 -0.4079256    
  0.0000000E+00
  0.0000000E+00
  0.0000000E+00
 -0.9553560    
  0.0000000E+00
 -0.8048782    
  0.0000000E+00
 -0.6066046    
 -0.6950337    
  0.0000000E+00
 -0.7797741    
  0.0000000E+00
  0.0000000E+00
  0.0000000E+00
  0.0000000E+00
  0.0000000E+00
  0.0000000E+00
  0.0000000E+00
  0.0000000E+00
 -0.9310302    
  0.0000000E+00
 -0.7934211    
  0.0000000E+00
  0.0000000E+00
  0.0000000E+00
  0.0000000E+00
  0.0000000E+00
  0.0000000E+00
  0.0000000E+00
  0.0000000E+00
  0.0000000E+00
  0.0000000E+00
  0.0000000E+00
  0.0000000E+00
  0.0000000E+00
  0.0000000E+00
  0.0000000E+00
  -1.538338    
  0.0000000E+00
  0.0000000E+00
 -0.7638853    
  0.0000000E+00
 -0.5439422    
  0.0000000E+00
  0.0000000E+00
  0.0000000E+00
  0.0000000E+00
 -0.4697895    
  0.0000000E+00
  0.0000000E+00
  0.0000000E+00
  -1.068676    
  0.0000000E+00
 -0.8015919    
  0.0000000E+00
 -0.4475950    
  0.0000000E+00
  0.0000000E+00
 -0.7287537    
  0.0000000E+00
  0.0000000E+00
  0.0000000E+00
  0.0000000E+00
  0.0000000E+00
  0.0000000E+00
  0.0000000E+00
  0.0000000E+00
  -1.092640    
  0.0000000E+00
  -1.553141    
  0.0000000E+00
 -0.4723083    
  0.0000000E+00
  0.0000000E+00
 -0.3686525    
  0.0000000E+00
  0.0000000E+00
  0.0000000E+00
  0.0000000E+00
  0.0000000E+00
  0.0000000E+00
  0.0000000E+00
  0.0000000E+00
 -0.9547238    
  0.0000000E+00
 -0.7474092    
  0.0000000E+00
 -0.3378983    
  0.0000000E+00
  0.0000000E+00
  0.0000000E+00
  0.0000000E+00
  0.0000000E+00
  0.0000000E+00
       10000
