    # Rank      Step     Trial Sequence                                Score          Gbind    Lambda_Pagg
         1      5399         1 KLIVEGV                              -12.6843       -14.4103        -1.7260
         2      5414         4 KLIVEGM                              -12.3885       -14.1891        -1.8006
         3      5445         1 KLVVEGV                              -12.3296       -14.6298        -2.3003
         4      5421         5 KLIVVGD                              -12.2992       -13.8194        -1.5203
         5      9724         5 MLKGEVF                              -11.8869       -13.3832        -1.4963
         6      5434         2 KLVVEGI                              -11.8472       -13.5732        -1.7260
         7      5405         2 KLIVDGV                              -11.8298       -13.2387        -1.4089
         8      5454         1 KLVVDGV                              -11.7771       -13.7602        -1.9831
         9      5446         5 KLVVEGL                              -11.7747       -14.7304        -2.9557
        10      5456         1 KLVVFGD                              -11.6953       -12.9113        -1.2160
