  -14.06277    
  -14.06277    
  -14.06277    
  -14.06277    
  -14.06277    
  -14.06277    
  -14.06277    
  -14.06277    
  -14.06277    
  -14.06277    
  -11.5064036131135     
  -16.3805608034364     
  -4.593299    
  -1.420001    
   1.279571    
           3
 -0.9382463    
  0.3724537    
  0.0000000E+00
  0.0000000E+00
  0.0000000E+00
  0.0000000E+00
  0.0000000E+00
 -0.6063381    
 -0.4689204    
 -0.1925024    
  0.0000000E+00
 -0.6102106    
  0.0000000E+00
  0.0000000E+00
  0.0000000E+00
 -0.4844581    
 -0.4054828    
  0.0000000E+00
 -0.8468791    
  0.0000000E+00
  0.0000000E+00
  0.0000000E+00
 -0.5270642    
  0.0000000E+00
  0.0000000E+00
 -0.3346356    
  0.0000000E+00
  0.0000000E+00
  0.0000000E+00
  0.0000000E+00
  0.0000000E+00
  0.0000000E+00
 -0.6190252    
  0.0000000E+00
  0.0000000E+00
  -2.804940    
  9.3091257E-02
  0.0000000E+00
  0.0000000E+00
 -0.8514131    
  0.0000000E+00
  0.0000000E+00
 -0.2982169    
 -0.5314628    
 -0.1891113    
  0.0000000E+00
   2.119668    
  0.0000000E+00
  0.0000000E+00
 -0.5376959    
 -0.2708477    
 -0.2056996    
  0.0000000E+00
 -0.7784266    
  0.0000000E+00
  0.0000000E+00
       10000
