           2           7  -3.21885584992995      ADVVFIE
           3           1  -3.43414983458428      ADVVFIK
           3           2  -3.43414983458428      ADVVFIK
           3           3  -6.92497265931610      ADVVVIK
           3           4  -7.31755867503591      ADVVVID
           3           6  -10.3434460162202      AKVVVDI
          10           3  -10.8426460213917      AVIVVEE
          10           5  -10.8699677699206      AMIVEEV
          10           6  -10.8699677699206      AMIVEEV
          10           7  -10.8699677699206      AMIVEEV
          11           1  -10.8699677699206      AMIVEEV
          11           2  -10.8699677699206      AMIVEEV
          11           3  -10.8699677699206      AMIVEEV
          11           4  -10.8699677699206      AMIVEEV
          11           5  -10.8699677699206      AMIVEEV
          11           6  -10.8699677699206      AMIVEEV
          11           7  -10.8699677699206      AMIVEEV
          12           1  -10.8699677699206      AMIVEEV
          12           2  -10.8699677699206      AMIVEEV
          12           3  -10.8699677699206      AMIVEEV
          12           4  -10.8699677699206      AMIVEEV
          12           5  -10.8699677699206      AMIVEEV
          12           6  -10.8699677699206      AMIVEEV
          12           7  -11.3586832983724      AMIVEDV
          14           7  -11.3697076785707      AMIVEDM
         131           3  -11.4351899332199      MKVVDGF
         400           3  -11.4637269219485      GIKVIDV
         400           4  -12.0005559443281      GIVVIDK
         404           1  -12.0323102303873      GIVVIDD
         532           3  -12.1806001933679      MKMIDGV
         532           4  -12.1806001933679      MKMIDGV
         532           5  -12.1806001933679      MKMIDGV
         532           6  -12.1806001933679      MKMIDGV
         532           7  -12.1806001933679      MKMIDGV
         545           7  -12.2956674651060      MMIVEGD
         573           4  -12.7755561607694      VKIVDGV
        1200           7  -12.9183874870041      KIIIGGE
        1201           1  -12.9183874870041      KIIIGGE
        1201           2  -12.9183874870041      KIIIGGE
        1201           3  -12.9183874870041      KIIIGGE
        1201           4  -12.9183874870041      KIIIGGE
        1201           5  -12.9183874870041      KIIIGGE
        1201           6  -12.9183874870041      KIIIGGE
        1201           7  -13.2025589605489      KIIIGGD
        2644           6  -13.9184894773194      MKIVEAV
        2644           7  -13.9184894773194      MKIVEAV
        3471           5  -14.0627666913941      MKWGVVD
