---200 unique peptides with best score (energy profile)---
 step Sequence  Score  G_bind  Pagg  rmsd  Counts
 3474  MKWGVVD -14.06  -13.73  0.33  0.18      17
 2644  MKIVEAV -13.92  -14.41 -0.49  0.17       1
 6996  KMIVEGM -13.64  -14.14 -0.50  0.44       2
 6997  KMIVEGV -13.56  -14.07 -0.51  0.44       2
 8670  MKWGEVM -13.54  -13.60 -0.06  0.45       3
 4073  VKMVDAI -13.45  -13.63 -0.18  0.28       3
 7824  KVIVMGD -13.34  -13.64 -0.30  0.47       4
 5844  KWWGGVE -13.26  -13.51 -0.25  0.41      13
 9075  KMIVVGD -13.24  -13.54 -0.30  0.49       3
 1201  KIIIGGD -13.20  -14.05 -0.84  0.13      22
 4046  MKVIDGF -13.17  -13.01  0.16  0.28       2
 4074  VKMVDGI -13.16  -13.23 -0.08  0.28       1
 5469  MKIGDLM -13.16  -14.60 -1.45  0.37       1
 4090  MKIMDGM -13.09  -13.15 -0.07  0.28       1
 4032  GKVVDMW -13.04  -12.82  0.22  0.28       3
 9359  MKIMDGV -13.02  -13.09 -0.07  0.52       2
 3967  MKILDGV -13.02  -14.39 -1.37  0.28       6
 2719  YKILEGV -12.99  -14.62 -1.64  0.17       2
 5059  MKFGVME -12.97  -13.14 -0.16  0.31       2
 5850  KWWGGVD -12.96  -12.89  0.06  0.41      18
 4072  VKIVDAM -12.95  -13.12 -0.18  0.28       1
 9266  MKVGEVW -12.93  -12.91  0.01  0.52       3
 1200  KIIIGGE -12.92  -14.08 -1.16  0.13      15
 2718  YKIIEGV -12.89  -12.74  0.15  0.17       1
 6998  KMVVEGW -12.89  -12.99 -0.10  0.44       3
 4399  MIKVGEM -12.88  -13.26 -0.39  0.26       5
 7505  KILVGVD -12.86  -14.27 -1.41  0.46       1
 2756  MKIVEGI -12.85  -13.31 -0.46  0.14       2
 9372  MIKIGVD -12.83  -12.98 -0.14  0.52       2
 6883  MKLVEGI -12.83  -14.52 -1.69  0.41       5
 6860  AKVVVID -12.81  -13.10 -0.29  0.41       2
  573  VKIVDGV -12.78  -12.86 -0.08  0.06       2
 2742  VKIVEGV -12.76  -13.16 -0.40  0.14       2
 4045  MKVIDGM -12.75  -12.83 -0.07  0.28       2
 6861  AKVVVDI -12.75  -12.93 -0.18  0.41       1
 4393  MIKVGEV -12.73  -13.12 -0.39  0.26       3
 7826  KIVVMGD -12.72  -13.02 -0.30  0.47       3
 3256  MKAVEVI -12.72  -13.21 -0.49  0.11       2
 7760  VKIVEAM -12.72  -13.21 -0.49  0.47       1
 6475  IWKGGEF -12.71  -12.73 -0.02  0.42       8
 2654  AKVIVDM -12.69  -12.87 -0.18  0.17       1
 8702  MKMGEVI -12.68  -13.07 -0.39  0.45       9
 7148  MWKVGDV -12.67  -12.35  0.33  0.44       2
 6976  MMKIMGE -12.66  -13.16 -0.49  0.44       1
 3947  KVIIVGD -12.65  -12.94 -0.29  0.28       2
 2722  YKIIDGV -12.65  -12.18  0.47  0.14      10
 9244  MKIGEMM -12.65  -13.03 -0.38  0.52       1
 9319  FKFGEGW -12.64  -12.14  0.51  0.52       3
 2385  MKIVEGV -12.62  -13.02 -0.39  0.18       2
 3956  MKVVEGV -12.60  -14.36 -1.77  0.28       2
 3495  KVWGMVD -12.59  -12.37  0.22  0.18       7
 9069  KIVMVGD -12.59  -12.88 -0.30  0.49       2
 2879  AKVVVIE -12.57  -13.18 -0.61  0.14       1
 9057  MKAIVVD -12.56  -12.85 -0.29  0.49       3
 9074  KLIVVGD -12.56  -14.08 -1.52  0.49       1
 4081  MKVVDGW -12.55  -12.22  0.33  0.28       3
 3964  MKILEGV -12.53  -14.22 -1.69  0.28       5
 4089  IKIMDGV -12.51  -12.65 -0.14  0.28       3
 4075  IKVVDGI -12.48  -12.55 -0.07  0.28       1
 7128  MKVIGEI -12.48  -12.94 -0.46  0.44       2
 2658  AKVIVME -12.44  -13.04 -0.60  0.17       1
 9357  MMIKDGV -12.44  -12.73 -0.29  0.52       2
  594  KIMVGDV -12.43  -12.62 -0.19  0.06       6
 3137  MIKGFDY -12.43  -11.73  0.70  0.11       1
 5034  IMKGVDM -12.43  -12.50 -0.07  0.31       1
 9360  MKVMDGI -12.41  -12.48 -0.07  0.52       3
 5060  MKFGEVM -12.41  -12.57 -0.16  0.31       4
 6913  GKVVVDW -12.37  -12.08  0.29  0.41       2
 3494  KMWGVVD -12.37  -12.15  0.22  0.18       1
 9356  MMIKEGV -12.36  -12.97 -0.61  0.52       2
 7523  MIKVGVD -12.35  -12.42 -0.08  0.46       4
 4005  MVKIMGD -12.34  -12.53 -0.18  0.28       4
 2877  AKVIVVD -12.34  -12.63 -0.29  0.14       2
 6885  IKIVEGM -12.32  -12.78 -0.46  0.41       1
 1115  MIVVGED -12.30  -13.52 -1.22  0.13       2
 5023  IMKGVEV -12.30  -12.69 -0.39  0.31       1
 3483  MKWGVVE -12.30  -12.29  0.01  0.18       4
  545  MMIVEGD -12.30  -13.40 -1.10  0.06       1
 3258  MKAMEVI -12.29  -12.78 -0.49  0.11       2
 2753  VKIIEGM -12.28  -12.74 -0.46  0.14       2
 8845  MFKVGDV -12.28  -12.13  0.15  0.45       4
  596  KIMVGVD -12.26  -12.45 -0.19  0.06       2
 1498  MKVIGDM -12.26  -12.33 -0.07  0.14       3
 3958  MKVMEGV -12.24  -14.01 -1.76  0.28       2
 2875  GKVVVDI -12.24  -12.43 -0.19  0.14       1
 4408  MWKVGEM -12.24  -12.30 -0.06  0.26       4
 2648  IKVVEAM -12.22  -12.72 -0.49  0.17       1
 4008  KVMIMGD -12.22  -12.51 -0.29  0.28       1
 3901  FVKVMGD -12.22  -12.18  0.04  0.25       3
 7832  KVVVFGD -12.21  -12.30 -0.08  0.47       3
 2652  AKVIVMD -12.20  -12.48 -0.29  0.17       2
 3139  MIKGFEM -12.19  -12.42 -0.23  0.11       2
  532  MKMIDGV -12.18  -12.25 -0.07  0.06       1
 9718  MIKVGDV -12.16  -12.23 -0.08  0.58       7
 2712  WKVMEGV -12.15  -12.14  0.01  0.17       5
 6836  MKVMEVV -12.15  -12.50 -0.35  0.41       7
 4640  MKVVGDF -12.15  -12.00  0.15  0.26       1
 4210  MKFADVV -12.14  -12.09  0.05  0.27       2
 9271  MKIGEVL -12.14  -13.82 -1.69  0.52       1
 5465  MKVGDLV -12.13  -14.00 -1.87  0.37       3
 4093  MKMVDGF -12.12  -11.97  0.15  0.28       1
 6472  IWKGGEI -12.12  -12.45 -0.33  0.42       5
 4395  VIKVGEM -12.09  -12.49 -0.39  0.26       4
 2740  VKIIEGY -12.08  -11.93  0.15  0.14       3
 2757  VKIVEGM -12.08  -12.47 -0.39  0.14       2
 9716  MKIVGDV -12.07  -12.15 -0.08  0.58       3
 2397  MKVIDGI -12.07  -12.21 -0.14  0.18       2
 2655  AKVIVEM -12.06  -12.55 -0.49  0.17       3
 1114  MIVVGDD -12.05  -12.95 -0.90  0.13       1
 2721  YKILDGV -12.04  -13.36 -1.32  0.14       2
 2689  AIKVVVE -12.04  -12.65 -0.61  0.17       2
  404  GIVVIDD -12.03  -12.93 -0.89  0.00       1
 4012  KMVIMGD -12.01  -12.31 -0.29  0.28       1
 3264  MKMGEMI -12.01  -12.39 -0.38  0.11       8
 9351  MVIKEGV -12.01  -12.63 -0.62  0.52       1
 8712  IKMVDAV -12.01  -12.18 -0.18  0.45       2
  401  GIVVIDK -12.00  -12.40 -0.40  0.00       4
 9250  MKIGEMI -12.00  -12.53 -0.53  0.52       1
 8880  KIIVGGD -12.00  -14.22 -2.22  0.45      10
 8715  AKMIDVV -11.99  -12.17 -0.18  0.45       1
 4546  KIVIGVD -11.98  -12.16 -0.18  0.26       2
 9272  MKLGEVI -11.97  -13.66 -1.69  0.52       1
 2845  MLIVEGD -11.97  -14.38 -2.40  0.14       3
 4207  AKFVDVV -11.97  -11.93  0.04  0.27       7
 5881  KVIGMEV -11.96  -12.36 -0.39  0.41       1
 4091  MKIIDGM -11.96  -12.18 -0.22  0.28       2
 8524  MKVVEGF -11.95  -12.12 -0.17  0.50       1
 4538  KIIVGMD -11.95  -12.20 -0.25  0.26       1
 7002  KMVVEGM -11.95  -13.82 -1.87  0.44       2
 9503  KFIIGGD -11.94  -12.56 -0.62  0.55      15
 8699  MKIGEVM -11.94  -12.33 -0.39  0.45       3
 4398  MIKVGDM -11.93  -12.00 -0.07  0.26       2
 9058  MKAVIVD -11.92  -12.21 -0.29  0.49       1
 7004  KMVVEGV -11.91  -13.79 -1.88  0.44       1
  593  KIMVGEV -11.91  -12.41 -0.51  0.06       2
 9242  MKVGDMI -11.90  -11.97 -0.07  0.52       1
  571  VKIVEGI -11.89  -12.28 -0.38  0.06       1
 6908  GKLVEVI -11.89  -13.62 -1.73  0.41       1
 5689  KIWGGVD -11.89  -12.91 -1.02  0.43       6
 4731  MKGIVDV -11.89  -11.97 -0.08  0.26       1
 2741  VKIVEGY -11.89  -13.11 -1.22  0.14       1
 9243  MKIGDMM -11.89  -11.95 -0.07  0.52       1
 4043  MKMIDGM -11.88  -11.95 -0.07  0.28       1
 4212  FKFVDVG -11.88  -11.34  0.54  0.27       2
 6886  IKLVEGM -11.88  -13.57 -1.69  0.41       3
 6685  IKIIGGE -11.87  -12.92 -1.05  0.43       3
 9233  FKFGEVV -11.86  -11.64  0.22  0.52       8
 4209  AKFMDVV -11.85  -11.80  0.05  0.27       1
 6880  MKIVEGL -11.85  -13.54 -1.69  0.41       3
 9450  KIFVGGD -11.85  -13.84 -1.99  0.55       4
 4083  MKVVDGM -11.82  -13.27 -1.45  0.28       1
 2736  VKIIDGY -11.82  -11.35  0.47  0.14       1
 2810  WVVVEGD -11.82  -12.45 -0.63  0.14       7
 2383  MKIVEGM -11.82  -12.21 -0.39  0.18       1
 6895  MKLVDGI -11.82  -13.19 -1.37  0.41       1
 8703  MKGMEVI -11.81  -12.20 -0.39  0.45       1
 8984  MMVVEKV -11.81  -12.37 -0.57  0.49       1
 6899  VKILVGD -11.80  -13.21 -1.41  0.41       1
 7605  MKIVGDI -11.79  -11.93 -0.14  0.47       2
 4401  MIKVGEY -11.78  -12.99 -1.21  0.26       4
 6905  LKVVEGM -11.77  -13.95 -2.18  0.41       3
 9067  KMVIVGE -11.77  -12.39 -0.62  0.49       1
 3320  VVKGMEW -11.77  -11.76  0.01  0.11       2
 3254  GKMVEVI -11.76  -12.27 -0.51  0.11       1
 4094  MKMVDGW -11.76  -11.51  0.25  0.28       3
 4042  MKMIDGI -11.76  -11.98 -0.22  0.28       1
 2642  MKIVEAM -11.75  -12.24 -0.49  0.17       2
 6975  MMKVIGE -11.75  -12.25 -0.50  0.44       1
 4405  MMKVGEI -11.75  -12.14 -0.39  0.26       1
 6687  WKIIEGG -11.75  -12.07 -0.33  0.43       5
 6096  KFWGGID -11.73  -11.43  0.30  0.42      13
 8714  AKMVDVI -11.73  -11.90 -0.18  0.45       2
 8707  GKMVDVI -11.72  -11.91 -0.19  0.45       2
 6907  VKLVEGI -11.72  -13.34 -1.61  0.41       1
 9320  FKIGDGW -11.72  -11.20  0.52  0.52       1
 2880  AKVIVVE -11.71  -12.32 -0.61  0.14       2
 9237  MKMGEVM -11.71  -13.47 -1.76  0.52       5
 1096  MKVIGVD -11.70  -11.78 -0.08  0.08       1
 4010  KIVMMGD -11.70  -11.99 -0.29  0.28       2
 6881  LKIVEGM -11.69  -13.38 -1.69  0.41       1
 1214  KWFVGGD -11.69  -12.60 -0.91  0.13       2
 1499  MKMVGDI -11.69  -11.76 -0.07  0.14       6
 3896  FVVKMGD -11.69  -11.65  0.04  0.25       1
  547  MMIVDGD -11.69  -12.47 -0.79  0.06       1
 5326  IIVVGDE -11.69  -12.90 -1.21  0.38       3
 9147  KIIVMGD -11.68  -12.05 -0.37  0.49       3
 3497  KMWGVVE -11.68  -11.78 -0.10  0.18       1
 4033  GKVVEMW -11.68  -11.78 -0.10  0.28       2
 5150  MWKGGEW -11.67  -11.92 -0.25  0.38      15
  570  VKIVEGF -11.67  -11.75 -0.08  0.06       1
 2894  VWKVVGD -11.66  -11.37  0.29  0.14       6
 2812  WMVVEGD -11.66  -12.36 -0.70  0.14       4
 7130  MIKVGEI -11.66  -12.12 -0.46  0.44       4
 3952  KIVVEGV -11.66  -12.17 -0.51  0.28       1
 6911  GKMVVDI -11.65  -11.84 -0.19  0.41       1
 7065  KVIVDGV -11.64  -11.84 -0.19  0.44       1
 4092  MKFVDGM -11.64  -11.49  0.15  0.28       1
 5540  MWKGGID -11.64  -12.65 -1.02  0.37       8
 6482  IWKGGEV -11.63  -12.97 -1.34  0.42       2
 2672  AIVKMVD -11.63  -11.92 -0.29  0.17       2

