  -37.93933    
  -37.93933    
  -37.93933    
  -37.93933    
  -37.93933    
  -37.93933    
  -37.93933    
  -37.93933    
  -37.93933    
  -37.93933    
  -30.3261155195501     
  -41.7574667043950     
  -5.950474    
  -4.200001    
   1.459562    
         199
  0.0000000E+00
  0.0000000E+00
  0.0000000E+00
  0.0000000E+00
  0.0000000E+00
  0.0000000E+00
 -0.8389015    
  0.0000000E+00
  0.0000000E+00
  0.0000000E+00
  0.0000000E+00
 -0.7476547    
  0.0000000E+00
  0.0000000E+00
  0.0000000E+00
  0.0000000E+00
  0.0000000E+00
  0.0000000E+00
  0.0000000E+00
  0.0000000E+00
  0.0000000E+00
 -0.3375779    
 -0.3403884    
 -0.3602527    
  0.0000000E+00
  0.0000000E+00
  0.0000000E+00
  -1.946000    
  0.0000000E+00
 -0.7313631    
  0.0000000E+00
  0.0000000E+00
  0.0000000E+00
  0.0000000E+00
  0.0000000E+00
  0.0000000E+00
  0.0000000E+00
 -0.4028764    
  -1.353660    
 -0.6896682    
  0.0000000E+00
  0.0000000E+00
  0.0000000E+00
  -1.946000    
  0.0000000E+00
  0.0000000E+00
  0.0000000E+00
  0.0000000E+00
  0.0000000E+00
  0.0000000E+00
  0.0000000E+00
  0.0000000E+00
  0.0000000E+00
 -0.4401374    
 -0.7326615    
 -0.8422783    
  0.0000000E+00
  0.0000000E+00
  0.0000000E+00
 -0.1560704    
  0.0000000E+00
 -0.3788377    
  0.0000000E+00
  0.0000000E+00
  0.0000000E+00
  0.0000000E+00
  0.0000000E+00
  0.0000000E+00
  0.0000000E+00
  0.0000000E+00
  -1.990695    
  0.0000000E+00
  0.0000000E+00
  0.0000000E+00
  0.0000000E+00
  0.0000000E+00
  0.0000000E+00
  0.0000000E+00
  0.0000000E+00
  0.0000000E+00
  0.0000000E+00
  0.0000000E+00
  0.0000000E+00
  0.0000000E+00
  0.0000000E+00
 -0.3257402    
  -1.007526    
 -0.6622233    
  0.0000000E+00
  0.0000000E+00
  0.0000000E+00
  0.0000000E+00
  0.0000000E+00
 -0.3626652    
  0.0000000E+00
  0.0000000E+00
  0.0000000E+00
  0.0000000E+00
  0.0000000E+00
  0.0000000E+00
  0.0000000E+00
  0.0000000E+00
  -1.120063    
 -0.5490845    
  0.0000000E+00
  0.0000000E+00
  0.0000000E+00
  -1.946000    
  0.0000000E+00
  0.0000000E+00
  0.0000000E+00
  0.0000000E+00
  0.0000000E+00
  0.0000000E+00
  0.0000000E+00
  0.0000000E+00
  0.0000000E+00
  0.0000000E+00
  0.0000000E+00
 -0.7845443    
  0.0000000E+00
  0.0000000E+00
  0.0000000E+00
 -0.3482676    
  0.0000000E+00
 -0.5955115    
  0.0000000E+00
  0.0000000E+00
       10000
