---200 unique peptides with best score (energy profile)---
 step Sequence  Score  G_bind  Pagg  rmsd  Counts
 7080  KLIVMGD -12.48  -14.07 -1.59  0.29      28
 6745  KLIVEGV -11.80  -13.53 -1.73  0.21      38
 7015  KLMVFGD -11.54  -12.83 -1.29  0.29      35
 7712  KLVVMAD -11.37  -13.55 -2.19  0.47       6
 9699  MLKGFEV -11.29  -12.67 -1.38  0.49      41
 6372  KLVVFDG -11.22  -12.43 -1.22  0.19      10
 7870  MLKGVEF -11.15  -12.54 -1.38  0.50       7
 7012  KLVVFGD -11.09  -12.30 -1.22  0.29      51
 9698  MLKGVEV -11.07  -13.26 -2.18  0.49       5
 4087  MLKGMEF -11.06  -12.52 -1.46  0.34      10
 6732  KLLVEGV -11.04  -13.99 -2.96  0.21       8
 8819  KLIVMGE -10.96  -12.88 -1.91  0.47      11
 8225  MLKVFGD -10.93  -12.11 -1.18  0.52      11
 7285  MLIVEGD -10.92  -13.32 -2.40  0.38      12
 7836  MLKGFEY -10.86  -12.27 -1.41  0.50       3
 6746  KLVIDGV -10.85  -12.26 -1.41  0.21      13
 8678  KLIVVGE -10.83  -12.67 -1.84  0.52       3
 6733  KLMVEGV -10.82  -13.12 -2.29  0.21      15
 8626  KLVVMGD -10.79  -12.88 -2.09  0.52      16
 9241  MLKGMEI -10.79  -12.55 -1.76  0.50      23
 4086  MLKGMEM -10.71  -12.89 -2.17  0.34      11
 7084  ILKVMGD -10.70  -12.19 -1.48  0.29      12
 9686  MLKGEVV -10.68  -12.98 -2.29  0.49       5
 9695  MLKGFVD -10.67  -11.85 -1.18  0.49       6
 1925  MLKADVV -10.64  -12.61 -1.97  0.17       2
 7177  KLMVMGD -10.62  -12.70 -2.08  0.38       9
 6743  KLVVEGV -10.61  -12.92 -2.30  0.21      11
 5879  KLIVDGV -10.55  -11.95 -1.41  0.23      33
 9446  KLFGWGD -10.50  -11.60 -1.10  0.50      18
 9690  MLKGVVD -10.50  -12.47 -1.98  0.49       9
 8015  KLIGMMD -10.47  -12.03 -1.56  0.52       8
 3400  MLKVEGV -10.47  -12.66 -2.18  0.34      13
 1906  MLKAEVV -10.47  -12.75 -2.28  0.10       6
 1139  MLKVEGF -10.47  -11.85 -1.38  0.07       8
 1715  MLIVDGD -10.46  -12.55 -2.09  0.10      10
 1136  MLKVEGI -10.46  -12.15 -1.69  0.07      13
 8001  KLMGMMD -10.46  -12.42 -1.97  0.52       6
 9696  MLKGFVE -10.44  -11.94 -1.50  0.49       2
 7007  KLVMFGD -10.42  -11.71 -1.29  0.29      17
 7620  MLIKEGV -10.39  -12.30 -1.91  0.47       4
 5181  KLVIEGV -10.38  -12.10 -1.73  0.31       5
 9242  MLKGVEI -10.38  -12.06 -1.69  0.50       6
 8217  MLKVDGF -10.37  -11.44 -1.07  0.52       8
 9245  MLKGMEV -10.36  -12.54 -2.18  0.50      15
 7854  MLKGMEY -10.32  -13.32 -3.00  0.50       6
 7186  KLMVVGD -10.32  -12.41 -2.09  0.38       7
 1063  KLIVVGD -10.32  -11.84 -1.52  0.07      12
 7406  MLVVEGK -10.31  -12.72 -2.41  0.46       5
 3137  VLKVDAV -10.27  -12.24 -1.97  0.26       2
 7853  MLKGIEY -10.25  -11.88 -1.63  0.50       6
 6512  MLVVEAD -10.25  -13.13 -2.89  0.19       2
 6736  KLMVDGV -10.23  -12.20 -1.98  0.21      21
 7864  MLKGVEM -10.22  -12.40 -2.18  0.50       6
 8215  MLVKEGF -10.22  -11.83 -1.61  0.52       3
 2147  KLGIWGD -10.21  -11.54 -1.33  0.18      51
 7837  MLKGWEY -10.21  -12.67 -2.46  0.50       1
 6366  KLVIMDG -10.19  -11.79 -1.59  0.19       2
 7286  MLLVEGD -10.19  -13.83 -3.63  0.38      10
 3593  KLMVMGE -10.18  -12.58 -2.40  0.34       7
 1900  MLMAEVE -10.18  -13.38 -3.20  0.10       1
 5871  KLVIMGD -10.18  -11.78 -1.59  0.23      11
 8725  MLIKVGD -10.17  -11.65 -1.48  0.52       2
 6730  KLLVDGV -10.16  -12.80 -2.64  0.21       9
 8731  MLVVEGD -10.16  -13.06 -2.90  0.52       9
 7707  MLKIEGV -10.15  -11.84 -1.69  0.47       2
 9566  KLVVVGD -10.15  -12.24 -2.09  0.50       9
 3581  KLIIAGE -10.14  -13.08 -2.94  0.34       3
 1204  MLIVEGE -10.14  -12.86 -2.72  0.07       8
 9448  KLIGWGD -10.13  -11.45 -1.33  0.50      37
 8012  KLMGFMD -10.12  -11.38 -1.25  0.52      23
 2395  KLVIMEG -10.12  -12.04 -1.91  0.10       1
 8265  GLKVMDI -10.11  -11.48 -1.37  0.52       2
  795  MLKVFGE -10.10  -11.59 -1.50  0.08       5
 1129  MLKVDGI -10.09  -11.47 -1.37  0.07      10
 6205  KLIMMGD -10.09  -11.76 -1.67  0.22       4
 6724  KLVMEGV -10.08  -12.38 -2.29  0.21       3
 7022  KLMVWGD -10.06  -13.01 -2.95  0.29      14
 6370  KLVMFDG -10.06  -11.35 -1.29  0.19       1
 7283  VLIVEGD -10.05  -12.38 -2.33  0.38       8
 9569  KLLVVGD -10.05  -12.80 -2.75  0.50      12
  251  MLIVEGK -10.04  -11.95 -1.91  0.00       9
 4616  KLVVFGE -10.03  -11.56 -1.53  0.37      24
 1713  ILMVDGD -10.03  -12.12 -2.09  0.10       3
 1109  VLIVEGE -10.03  -12.67 -2.65  0.07       7
 7713  KLVVWGD -10.00  -12.88 -2.87  0.47       6
 6761  KLVVMGE -10.00  -12.41 -2.41  0.31       5
  357  MLKGDVF  -9.98  -11.16 -1.18  0.00       8
 1899  MLMAEVD  -9.98  -12.86 -2.88  0.10       1
 8004  KLMGVMD  -9.97  -11.94 -1.97  0.52       2
 6358  KLIVYGD  -9.97  -11.51 -1.54  0.19       6
 9778  KLIGMVD  -9.95  -11.43 -1.48  0.49       2
 7709  KLVIEGM  -9.92  -11.72 -1.80  0.47       6
 8250  MLMVEGD  -9.92  -12.81 -2.89  0.52       8
 7710  KLVIMAD  -9.92  -13.29 -3.37  0.47       1
 8688  KLVLEGV  -9.92  -12.87 -2.96  0.52       3
 8616  MLKVMGD  -9.91  -11.89 -1.97  0.52      16
 3583  KLIIEGA  -9.91  -12.74 -2.83  0.34       3
 4089  MLKGFEM  -9.89  -11.35 -1.46  0.34       7
 9435  KLFGEGW  -9.88  -11.30 -1.42  0.50       6
 8693  KLVIVGD  -9.88  -11.40 -1.52  0.52       2
 5390  KLIVEGM  -9.85  -11.65 -1.80  0.29       5
 7010  KLVMFGE  -9.83  -11.44 -1.61  0.29       7
 8820  KLIVYGE  -9.83  -11.69 -1.86  0.47       1
 1711  ILMVDGE  -9.82  -12.23 -2.40  0.09       4
 1691  VLKVMGD  -9.82  -11.80 -1.98  0.09       7
 7941  KLGIWGE  -9.80  -11.45 -1.64  0.50      25
 8252  GLLVEVD  -9.79  -13.24 -3.45  0.52       6
 7738  MLIGMEK  -9.78  -11.77 -1.99  0.47       4
 7841  MLKGIEV  -9.78  -11.47 -1.69  0.50       1
 6286  KLGIWEG  -9.78  -11.42 -1.64  0.22      11
 7611  KLMVEGI  -9.78  -11.58 -1.80  0.47       7
 8723  MLIKDGV  -9.77  -11.37 -1.59  0.52       5
 2060  KLVIVGE  -9.76  -11.60 -1.84  0.17       6
 8738  MLVMEGD  -9.76  -12.65 -2.89  0.52       4
 6487  KLAVWGD  -9.76  -12.67 -2.91  0.19      10
 2391  KLVVEAV  -9.75  -12.15 -2.40  0.10       2
 8854  KLWGFGD  -9.75  -10.85 -1.10  0.47      12
 8750  MLVAEVK  -9.75  -12.14 -2.39  0.52       2
 8485  KLVGFVD  -9.71  -10.82 -1.10  0.52       9
 6161  KLVVEGF  -9.71  -11.13 -1.42  0.22       5
 7876  GLKGWEI  -9.71  -11.24 -1.53  0.50      13
 7403  MLLVEGE  -9.69  -13.65 -3.95  0.46      18
 6289  KLGIWDG  -9.69  -11.02 -1.33  0.22       5
 7832  MLKGYEF  -9.69  -11.09 -1.41  0.50       6
 1061  KLIVFGD  -9.67  -12.71 -3.04  0.07      14
 7318  GLMVFDK  -9.66  -11.07 -1.40  0.38       3
 1905  MLKAEVM  -9.66  -11.94 -2.28  0.10       1
 1710  ILVVDGD  -9.64  -11.66 -2.01  0.09       5
 7317  GLKVFDM  -9.64  -10.71 -1.07  0.38      10
 5186  MLKVDGV  -9.62  -11.49 -1.87  0.31       5
 7631  KLVVEGI  -9.61  -11.34 -1.73  0.47       9
 8237  GLKVEVM  -9.61  -11.79 -2.18  0.52       3
 7856  MLKGMDI  -9.60  -11.05 -1.45  0.50       6
 6228  ILKVVGD  -9.60  -11.01 -1.41  0.22       2
 9342  MLIGEMD  -9.60  -11.96 -2.37  0.50       4
 8733  MLVLEGD  -9.59  -13.23 -3.63  0.52       6
 1644  VLLVEGD  -9.59  -13.15 -3.56  0.09       6
 8236  GLKVVDM  -9.59  -11.46 -1.87  0.52       4
 6521  VLVVEGD  -9.58  -12.49 -2.90  0.19       2
 9432  KLIGEGW  -9.58  -11.22 -1.64  0.50       9
 3374  MLIKDGM  -9.58  -11.25 -1.67  0.34       3
 1748  GLLVEVE  -9.56  -13.33 -3.77  0.10      10
 9763  MLKGDVV  -9.55  -11.53 -1.98  0.49      16
 7372  KLVVIGD  -9.55  -11.07 -1.52  0.46       4
 3384  MLIMEGD  -9.55  -12.03 -2.48  0.34       6
 5175  KLVVDGV  -9.54  -11.53 -1.98  0.31      13
 7636  VLKVDGV  -9.54  -11.41 -1.87  0.47       3
 9436  KLFGWGE  -9.53  -10.95 -1.42  0.50       9
  299  MLVVDGD  -9.53  -12.11 -2.58  0.00       9
 8751  MLVAEMD  -9.52  -12.41 -2.88  0.52       1
 7187  WLKVVGD  -9.52  -12.29 -2.76  0.38       1
 1581  MLIVDGE  -9.52  -11.92 -2.40  0.09       4
 5472  KLLVMGD  -9.52  -12.34 -2.82  0.29       2
 6729  KLVVEGL  -9.51  -12.47 -2.96  0.21       2
 8752  MLVAEME  -9.51  -12.71 -3.20  0.52       1
 6459  KLIIEGG  -9.50  -12.46 -2.95  0.19       3
 1126  MLIVDGK  -9.50  -11.09 -1.59  0.07       5
 9563  FLVVEGD  -9.49  -11.52 -2.03  0.50       4
 3357  KLIVDGM  -9.49  -10.97 -1.48  0.34       9
 3661  KLVEMGF  -9.49  -10.87 -1.38  0.34       2
 8568  ILMVEGD  -9.48  -11.88 -2.40  0.52       3
 5202  KLIVMEG  -9.48  -11.39 -1.91  0.31       4
 1165  MLVVEDG  -9.47  -12.48 -3.01  0.07       1
 9680  MLVAEVD  -9.47  -12.35 -2.89  0.49       3
 5360  VLVVEAE  -9.46  -12.67 -3.21  0.29       3
 8749  MLMAEVK  -9.46  -11.85 -2.39  0.52       6
 2396  KLVIEMG  -9.46  -11.26 -1.80  0.10       1
 4318  MLIGEVE  -9.45  -12.06 -2.61  0.34       5
 2392  KLVVAEV  -9.45  -11.85 -2.40  0.10       1
 6226  KLVVVGE  -9.45  -11.86 -2.41  0.22       4
 6510  MLVVEAE  -9.44  -12.65 -3.20  0.19       3
 8018  KLMGMME  -9.44  -11.72 -2.28  0.52       2
 7872  MLKGFDV  -9.44  -10.50 -1.07  0.50      11
 9701  FLKGMEV  -9.43  -10.82 -1.38  0.49       1
 7291  MLLVDGD  -9.43  -12.75 -3.32  0.38      11
 8016  KLIGMME  -9.41  -11.29 -1.88  0.52       3
 7254  KLVFVGD  -9.41  -10.62 -1.22  0.38       7
 7349  VLKVFGD  -9.40  -10.51 -1.10  0.38       3
 1964  MLMVEGE  -9.40  -12.61 -3.21  0.17       5
 3375  MLIKEGM  -9.40  -11.39 -1.99  0.34       2
   66  MLMVDGD  -9.40  -11.97 -2.58  0.00      15
 2061  KLVVIGE  -9.39  -11.23 -1.84  0.17       3
 8865  KLMGWAD  -9.39  -12.19 -2.79  0.47       5
 7405  MLVVDGE  -9.39  -12.29 -2.90  0.46       2
 8597  KLMLMGD  -9.39  -12.29 -2.90  0.52       3
 7018  KLMVWGE  -9.38  -12.64 -3.27  0.29       4
 3312  GLLVDVD  -9.37  -12.51 -3.13  0.26       9
 7861  MLKGMDV  -9.37  -11.23 -1.86  0.50       4
 9335  VLIGMKD  -9.37  -10.97 -1.59  0.50       1
 6514  MLVVEEA  -9.37  -12.69 -3.32  0.19       2
 6222  VLKIDGV  -9.36  -10.66 -1.30  0.22       2
 8014  KLMGIMD  -9.36  -10.91 -1.56  0.52       7
 6209  KLVMMGD  -9.35  -11.44 -2.08  0.22       6
 1642  VLLVEGE  -9.34  -13.22 -3.88  0.09       1
 7844  MLKGIEM  -9.34  -11.10 -1.76  0.50       4
 9590  KLVMVGD  -9.32  -11.41 -2.09  0.49       1
 1974  ILMVEGE  -9.32  -12.04 -2.72  0.17       6
 8639  GLVVEDV  -9.32  -12.22 -2.90  0.52       4
  723  ILKGWGE  -9.31  -10.96 -1.64  0.08      13
 8554  VLKIMGD  -9.30  -10.78 -1.48  0.52       1

