  -19.09380    
  -19.09380    
  -19.09380    
  -19.09380    
  -19.09380    
  -19.09380    
  -19.09380    
  -18.86552    
  -18.86552    
  -18.86552    
  -12.8111529919404     
  -18.9970465275544     
  -6.154750    
  -1.060000    
   1.044428    
         192
 -0.7064533    
  0.0000000E+00
  0.0000000E+00
  0.0000000E+00
  0.0000000E+00
 -0.7855638    
  0.0000000E+00
  -1.191609    
  0.0000000E+00
  -1.048030    
  0.0000000E+00
 -0.3382363    
  -2.316000    
  0.0000000E+00
  -1.610256    
  0.0000000E+00
  -1.102861    
  0.0000000E+00
 -0.7620960    
  -1.663235    
  0.0000000E+00
  -1.094386    
  0.0000000E+00
  0.0000000E+00
  0.0000000E+00
  0.0000000E+00
  -1.106859    
  0.0000000E+00
 -0.3824635    
  0.0000000E+00
 -0.6053290    
  0.0000000E+00
  0.0000000E+00
 -0.8101666    
  0.0000000E+00
  -1.273778    
  0.0000000E+00
 -0.1981895    
  0.0000000E+00
  -1.125633    
  -1.293949    
  0.0000000E+00
 -0.8502764    
  0.0000000E+00
  -1.025253    
  0.0000000E+00
 -0.3338536    
  -2.316000    
  0.0000000E+00
 -0.8238297    
  0.0000000E+00
 -0.6282539    
  0.0000000E+00
 -0.6326252    
 -0.8341300    
  0.0000000E+00
       10000
