           1           7  -4.71813146684687      IFKAKGA
           2           6  -5.67222587888071      IFDAKGA
           2           7  -10.2571982280209      IFKADGA
           3           4  -11.5888977431800      IFKADGW
           3           5  -14.0185235974670      VFKADGW
           3           6  -14.0185235974670      VFKADGW
           3           7  -14.0185235974670      VFKADGW
           4           1  -14.0185235974670      VFKADGW
           4           2  -14.0185235974670      VFKADGW
          81           5  -14.7715324317881      IVKIEGG
          81           6  -14.7715324317881      IVKIEGG
          81           7  -17.0305660912341      IIKIEGG
          82           1  -17.0305660912341      IIKIEGG
          82           2  -17.0305660912341      IIKIEGG
          82           3  -17.0305660912341      IIKIEGG
          82           4  -17.0305660912341      IIKIEGG
          82           5  -17.0305660912341      IIKIEGG
          82           6  -17.0305660912341      IIKIEGG
          82           7  -17.0305660912341      IIKIEGG
          83           1  -17.0305660912341      IIKIEGG
         133           7  -17.0587616944820      IIKIEGG
         134           1  -17.0587616944820      IIKIEGG
         134           2  -17.0587616944820      IIKIEGG
         134           3  -17.0587616944820      IIKIEGG
         134           4  -17.0587616944820      IIKIEGG
         134           5  -17.0587616944820      IIKIEGG
         134           6  -17.0587616944820      IIKIEGG
         134           7  -17.0587616944820      IIKIEGG
         135           1  -17.0587616944820      IIKIEGG
         135           2  -17.0587616944820      IIKIEGG
         135           3  -17.0587616944820      IIKIEGG
         135           4  -17.0587616944820      IIKIEGG
         135           5  -17.0587616944820      IIKIEGG
         135           6  -17.0587616944820      IIKIEGG
         135           7  -17.0587616944820      IIKIEGG
         136           1  -17.0587616944820      IIKIEGG
         136           2  -17.0587616944820      IIKIEGG
         136           3  -17.0587616944820      IIKIEGG
         136           4  -17.0587616944820      IIKIEGG
         136           5  -17.0587616944820      IIKIEGG
         136           6  -17.0587616944820      IIKIEGG
         136           7  -17.0587616944820      IIKIEGG
         137           1  -17.0587616944820      IIKIEGG
         137           2  -17.0587616944820      IIKIEGG
         137           3  -17.0587616944820      IIKIEGG
         137           4  -17.0587616944820      IIKIEGG
         704           6  -17.1766638005057      KVIIMGE
         706           5  -17.6528567290282      KVIIMGD
         707           6  -18.2269217479273      KIVIMGD
         707           7  -18.5033233003434      KIVIVGD
         708           1  -18.5033233003434      KIVIVGD
         708           2  -18.5033233003434      KIVIVGD
         708           3  -18.5033233003434      KIVIVGD
         708           4  -18.5033233003434      KIVIVGD
         708           5  -18.5033233003434      KIVIVGD
         708           6  -18.5033233003434      KIVIVGD
         708           7  -18.5033233003434      KIVIVGD
         709           1  -18.5033233003434      KIVIVGD
         709           2  -18.5033233003434      KIVIVGD
         709           3  -18.5033233003434      KIVIVGD
         709           4  -18.5033233003434      KIVIVGD
         709           5  -18.5033233003434      KIVIVGD
         709           6  -18.5033233003434      KIVIVGD
         709           7  -18.5033233003434      KIVIVGD
         710           1  -18.5033233003434      KIVIVGD
         710           2  -18.5033233003434      KIVIVGD
         710           3  -18.5033233003434      KIVIVGD
         710           4  -18.5033233003434      KIVIVGD
         710           5  -18.5033233003434      KIVIVGD
         710           6  -18.5033233003434      KIVIVGD
         710           7  -18.5033233003434      KIVIVGD
         711           1  -18.5033233003434      KIVIVGD
         711           2  -18.5033233003434      KIVIVGD
         711           3  -18.5033233003434      KIVIVGD
         711           4  -18.5033233003434      KIVIVGD
         711           5  -18.5033233003434      KIVIVGD
         800           1  -18.8655180734847      VWKVMGE
         823           7  -19.0938010220749      IFKVMGD
