---200 unique peptides with best score (energy profile)---
 step Sequence  Score  G_bind  Pagg  rmsd  Counts
  823  IFKVMGD -19.09  -19.04  0.05  0.10       1
  802  VWKVMGE -18.87  -18.97 -0.10  0.10       5
 3630  VIKIVGD -18.79  -18.97 -0.18  0.17      11
 3631  VIKIMGD -18.60  -18.86 -0.25  0.17       6
  707  KIVIVGD -18.50  -18.79 -0.29  0.10       5
  829  VFKVEGM -18.36  -18.53 -0.17  0.10       2
 2058  KIMIVGD -18.36  -18.72 -0.37  0.22      12
  828  IFKVEGM -18.30  -18.45 -0.16  0.10       3
 2083  VIKIMGE -18.28  -18.85 -0.57  0.22      13
  711  KVIIVGD -18.18  -18.47 -0.29  0.10       3
 7291  KIVVVGD -18.12  -18.43 -0.30  0.23       6
  803  VWKVMGD -18.04  -17.82  0.22  0.10       6
 3638  VIKVVGD -17.93  -18.13 -0.19  0.17       1
  713  KIIVVGD -17.91  -18.20 -0.29  0.10       5
  712  KVVIVGD -17.86  -18.17 -0.30  0.10       5
 7284  KIVVMGE -17.83  -18.45 -0.62  0.23      11
 6328  VVKIVGD -17.82  -18.01 -0.19  0.15       2
  753  KFVIMGE -17.73  -18.11 -0.38  0.10       1
  825  IFKVMGE -17.69  -17.96 -0.27  0.10       4
 7983  KIMIVGE -17.67  -18.35 -0.68  0.15       7
 7185  KIVIVGE -17.66  -18.27 -0.61  0.23       3
  706  KVIIMGD -17.65  -18.02 -0.37  0.10       3
 2444  KIIIEGG -17.63  -18.80 -1.16  0.15      36
 7292  KIVVVGE -17.63  -18.25 -0.62  0.23      10
 7282  KIMVVGE -17.62  -18.24 -0.62  0.23       9
  754  KFVIMGD -17.57  -17.64 -0.06  0.10       1
 3625  IVKIVGD -17.51  -17.69 -0.18  0.17       4
 2091  VVKIVGE -17.50  -18.01 -0.51  0.22       2
 8078  KIVIMGE -17.48  -18.16 -0.68  0.15      28
 7265  KIIVMGD -17.47  -17.84 -0.37  0.23      13
 7251  KVIVVGD -17.46  -17.77 -0.30  0.23       1
 4673  KIGIIGE -17.46  -18.40 -0.94  0.17      48
 6342  KIVIMGD -17.43  -17.79 -0.37  0.15       7
 1295  KIVVMGD -17.42  -17.72 -0.30  0.19       6
 6329  VVKIMGD -17.41  -17.59 -0.19  0.15       3
  985  KILVVGD -17.38  -18.90 -1.52  0.19       1
 4047  IIKIEGG -17.35  -18.40 -1.05  0.17     135
  819  IIKVVGD -17.34  -17.52 -0.18  0.10       3
 1878  KIGIWGE -17.30  -17.51 -0.21  0.21      39
 7254  KVVIMGE -17.29  -17.91 -0.62  0.23       6
 8260  KVVIEGV -17.27  -17.78 -0.51  0.19       5
 2090  VVKIMGE -17.25  -17.75 -0.51  0.22       7
 5362  KIIVMGE -17.24  -17.93 -0.68  0.19       4
  821  IIKVMGD -17.20  -17.46 -0.25  0.10       1
 4609  KIGIIGD -17.20  -17.82 -0.62  0.17      33
 1298  KWVVMGD -17.20  -17.09  0.11  0.19       6
 8957  KVIIVDG -17.19  -17.48 -0.29  0.33       2
  704  KVIIMGE -17.18  -17.86 -0.68  0.10       6
 1294  KVIVMGD -17.12  -17.42 -0.30  0.19       3
 1811  KIWIGGE -17.11  -17.55 -0.44  0.21      16
 8256  KIIVEGV -17.08  -17.58 -0.50  0.19       1
 4430  IIKIGGD -17.06  -17.79 -0.73  0.21      31
  799  VWMVKGE -17.05  -17.26 -0.21  0.10       1
  796  KWVVVGE -17.03  -17.16 -0.14  0.10       1
 1292  MIKVVGD -17.02  -17.21 -0.19  0.19       1
  807  VIKVMGE -17.00  -17.51 -0.51  0.10       9
 2451  IIKIDGG -17.00  -17.73 -0.73  0.15       8
 1980  KIGIWGD -16.91  -16.80  0.10  0.22      50
 3531  KIIMVGE -16.91  -17.59 -0.68  0.17       2
 2434  KIVIEGG -16.85  -19.39 -2.54  0.15      24
 6355  EIMIVGK -16.84  -17.53 -0.68  0.15       3
 8956  KVVIVDG -16.82  -17.13 -0.30  0.33       4
 7253  KVVIVGE -16.80  -17.42 -0.62  0.23       6
 2060  MIKIVGD -16.80  -17.05 -0.25  0.22       2
 6813  KVIVVDG -16.80  -17.10 -0.30  0.16       2
 8798  IVIVKDG -16.73  -17.14 -0.40  0.34       8
  797  VWKVVGE -16.73  -16.76 -0.03  0.10       1
 2070  MIKIVGE -16.72  -17.29 -0.57  0.22       9
  984  KILVVGE -16.71  -18.55 -1.84  0.19       1
 6356  EIVIMGK -16.70  -17.38 -0.68  0.15       7
  721  KVIIVGE -16.69  -17.30 -0.61  0.10       2
 2094  VIKIVGE -16.69  -17.18 -0.50  0.22       4
 3640  VIKVIGD -16.69  -16.87 -0.18  0.17       9
 3616  KMMIVGD -16.66  -16.95 -0.29  0.17       1
 7317  VIVIKGD -16.64  -16.93 -0.29  0.23       2
 2929  KIWIGGD -16.63  -16.75 -0.12  0.20      35
 8145  KIIIDGG -16.60  -17.45 -0.84  0.15      13
  297  KIIIGGE -16.59  -17.75 -1.16  0.00       6
 6799  IIKVVDG -16.58  -16.76 -0.18  0.16       3
 8251  KIIIEGA -16.55  -17.59 -1.04  0.19       5
 3649  IIKVVGE -16.54  -17.03 -0.50  0.17       1
  982  KVMIVGD -16.53  -16.83 -0.30  0.19       1
 7295  KMIVVGE -16.51  -17.13 -0.62  0.23       2
 7297  KMIVVGD -16.51  -16.81 -0.30  0.23       1
  440  IVKIVDG -16.50  -16.68 -0.18  0.00       2
  857  KIVVEGF -16.50  -16.69 -0.19  0.10       5
 3434  VMKIVDG -16.44  -16.63 -0.19  0.17       9
 7819  KVMIVDG -16.43  -16.73 -0.30  0.15       5
 6305  MIKVIGD -16.43  -16.69 -0.25  0.15       2
 6800  VIKVIDG -16.42  -16.60 -0.18  0.16       2
 6369  VIVIEGK -16.42  -17.03 -0.61  0.15       1
 6290  KIMVVGD -16.40  -16.70 -0.30  0.15       1
 6795  FIKVVDG -16.39  -16.27  0.13  0.16       2
 7301  KWMVMGE -16.39  -16.67 -0.29  0.23       6
 6765  VVVIKDG -16.38  -16.80 -0.42  0.18       2
 6372  VIVIEGD -16.36  -17.46 -1.10  0.15       3
  717  KVMIVGE -16.33  -16.95 -0.62  0.10       3
  791  KWVVDGM -16.33  -16.11  0.22  0.10       2
 6797  VIKVVDG -16.33  -16.52 -0.19  0.16       2
 6811  KVVVIDG -16.31  -16.61 -0.30  0.16       3
 7973  IFMVKGD -16.30  -16.36 -0.06  0.15       1
 7269  KIMVIGE -16.24  -16.92 -0.68  0.23       5
 9921  KWIVEGG -16.24  -17.69 -1.45  0.37      25
 8812  IMIVKDG -16.24  -16.71 -0.48  0.33       4
  300  IIKIGGE -16.23  -17.28 -1.05  0.00       7
 5172  VIKVMGD -16.22  -16.41 -0.19  0.18       4
 3653  VMKIVGD -16.21  -16.40 -0.19  0.17       1
 5886  VIKIEGG -16.20  -18.62 -2.42  0.15      36
 7300  KVMIMGE -16.19  -16.80 -0.61  0.23       3
 6789  KIVVVDG -16.18  -16.49 -0.30  0.16       2
 9885  IFKIEGG -16.18  -17.01 -0.83  0.37       8
 6818  VVIVKDG -16.18  -16.60 -0.42  0.16       7
 9378  KIGIWDG -16.18  -16.07  0.10  0.35       7
  848  VVKIEGF -16.17  -16.25 -0.08  0.10       5
 8254  KVIIEGV -16.17  -16.66 -0.50  0.19       2
 4057  WIKIEGG -16.17  -16.49 -0.33  0.17      17
  125  IVKIEGG -16.16  -18.59 -2.42  0.00      13
 5161  KMIVMGD -16.15  -16.45 -0.29  0.18       4
 1291  LIKVVGD -16.15  -17.56 -1.41  0.19       1
 2020  KIIIGGD -16.15  -16.99 -0.84  0.22      21
 7298  KMVIVGE -16.15  -16.77 -0.62  0.23       3
  381  IGKIGWD -16.14  -15.92  0.21  0.00       8
 7483  IVKIEAG -16.13  -18.43 -2.30  0.20       2
  843  VVKIEGM -16.13  -16.52 -0.39  0.10       3
 3533  KILMVGE -16.12  -18.03 -1.91  0.17       1
 7841  VLKIVDG -16.12  -17.53 -1.41  0.15       3
 7220  VGKVVWE -16.12  -16.15 -0.03  0.23       3
 3654  VMKIMGD -16.11  -16.30 -0.18  0.17       1
  805  IIKVMGE -16.11  -16.68 -0.57  0.10       3
 2062  KMIIVGE -16.11  -16.79 -0.68  0.22       3
 7803  IVKIMDG -16.10  -16.35 -0.25  0.15       5
 5170  IIKVDGM -16.10  -16.24 -0.14  0.18       4
  853  VVKVEGF -16.10  -16.27 -0.17  0.10       1
 8478  MIKIEGM -16.10  -16.63 -0.53  0.29      11
 8820  VMIVKDG -16.09  -16.50 -0.41  0.33       8
 8795  IIVVKDG -16.08  -16.48 -0.40  0.34       6
  795  KWVVAGE -16.06  -18.88 -2.81  0.10       1
  792  VWKVEGM -16.06  -16.05  0.01  0.10       1
 4429  VIKIGGD -16.04  -18.15 -2.11  0.21      18
 8810  IKIVMDG -16.03  -16.29 -0.25  0.33       2
 6411  VAKIVMD -16.02  -16.30 -0.29  0.15       1
 2086  MVKIMGE -16.01  -16.51 -0.50  0.22       4
  119  IIKVEGG -16.01  -18.43 -2.42  0.00      20
 6337  KIMIMGE -16.00  -16.76 -0.76  0.15       1
 3538  KIVMMGD -16.00  -16.30 -0.29  0.17       2
 2087  MVKIVGE -16.00  -16.51 -0.51  0.22       4
  399  VGKIGWE -16.00  -17.12 -1.12  0.00      10
 3528  VIKMMGD -16.00  -16.18 -0.18  0.17       2
 7975  KFMVIGD -15.99  -16.05 -0.06  0.15       2
 7989  VIKVVGE -15.99  -16.50 -0.51  0.15       1
 6808  KVMVIDG -15.97  -16.27 -0.30  0.16       2
 8728  IMKVVDG -15.97  -16.15 -0.19  0.34       5
 3527  VIKMMGE -15.94  -16.44 -0.50  0.17       4
 6790  IKVVVDG -15.94  -16.13 -0.19  0.16       2
 3987  GIKIVGD -15.94  -17.93 -2.00  0.17      13
 8250  KIIIAGD -15.93  -16.77 -0.83  0.19       1
 6624  KVVIMDG -15.93  -16.23 -0.30  0.18       5
  429  KFVVVDG -15.93  -16.01 -0.08  0.00       9
  382  IGKIGWE -15.92  -16.02 -0.10  0.00      11
 7981  KVMIIGD -15.91  -16.27 -0.37  0.15       2
 7885  MVKIVDG -15.91  -16.09 -0.19  0.15       5
 7995  KWMVVGD -15.90  -15.80  0.11  0.15       1
 3534  KVIMVGD -15.90  -16.20 -0.30  0.17       1
 6475  KMIIVDG -15.90  -16.26 -0.37  0.15       1
 3537  KVIMMGD -15.89  -16.18 -0.29  0.17       1
 8635  IWKVEGG -15.87  -17.21 -1.34  0.34      21
 1293  IMKVVGD -15.85  -16.04 -0.19  0.19       1
 7575  VKMIVDG -15.85  -16.04 -0.19  0.20       2
 7350  KIFIGGE -15.84  -16.78 -0.94  0.23       9
  389  VGKIGWD -15.83  -16.63 -0.80  0.00       4
 5127  KGIIGWD -15.82  -15.72  0.10  0.21       7
 7240  VFKVVGD -15.82  -15.79  0.03  0.23       4
 7181  VLVIKGE -15.81  -17.65 -1.84  0.20       3
 9694  KIMVIGD -15.80  -16.16 -0.37  0.35       3
  794  VWKVAGE -15.79  -18.50 -2.70  0.10       1
 7184  KLVIVGE -15.79  -17.62 -1.84  0.23       1
 2046  MIMIKGD -15.79  -16.23 -0.44  0.22       1
 8005  KGMVVWD -15.78  -15.67  0.11  0.15       7
 3490  VKIIVGD -15.78  -15.95 -0.18  0.17       1
 2064  IMKIVGE -15.77  -16.34 -0.57  0.22       4
 8179  EIIIKGG -15.76  -16.92 -1.16  0.15      11
 3120  IIKVGGD -15.76  -17.86 -2.11  0.20       7
 7661  KIMVMGE -15.75  -16.36 -0.61  0.20       4
 9924  KWIVDGG -15.75  -16.88 -1.13  0.37       4
 8675  VFKIEGG -15.74  -17.94 -2.20  0.34       7
 7868  KVLIVDG -15.74  -17.26 -1.52  0.15       6
 5887  LIKIEGG -15.70  -18.54 -2.84  0.15       9
 8266  KIVVEGL -15.70  -17.42 -1.73  0.19       6
 6362  DIVIMGK -15.68  -16.04 -0.37  0.15       3
 1823  LIKIGGD -15.67  -18.19 -2.52  0.21       1
 4826  KIVIEGA -15.67  -18.08 -2.41  0.20       1
 3635  VVKVIGD -15.65  -15.84 -0.19  0.17       3
 9992  IWKIEGG -15.64  -15.96 -0.33  0.37       4
 6623  KMVIVDG -15.64  -15.94 -0.30  0.18       2
  145  KIMIEGG -15.63  -18.16 -2.53  0.00      25
 4622  KVGIWGD -15.63  -16.54 -0.91  0.17       3
 3123  IWKVGGD -15.62  -16.64 -1.02  0.16      19
  855  KVIVEGF -15.61  -15.81 -0.19  0.10       2
 4825  KIVIDGG -15.60  -17.82 -2.22  0.20      13
 7221  KGVVVWE -15.60  -15.73 -0.14  0.23       1

