  -36.38358    
  -36.36446    
  -36.36446    
  -36.36446    
  -36.36446    
  -36.36446    
  -36.36446    
  -36.36446    
  -36.36446    
  -36.36446    
  -24.6902640744768     
  -40.7475865766130     
  -7.345447    
  -5.300000    
  0.9440625    
          26
  0.0000000E+00
  0.0000000E+00
  0.0000000E+00
  0.0000000E+00
 -0.5107821    
  0.0000000E+00
  -1.072512    
  0.0000000E+00
  0.0000000E+00
  0.0000000E+00
  0.0000000E+00
 -0.3082056    
  0.0000000E+00
 -0.3497704    
  0.0000000E+00
  0.0000000E+00
  0.0000000E+00
 -0.8942806    
  0.0000000E+00
 -0.7802252    
 -0.8038847    
  0.0000000E+00
  -1.004305    
 -0.7768384    
  0.0000000E+00
  0.0000000E+00
  0.0000000E+00
 -0.9946590    
  0.0000000E+00
 -0.3556256    
  0.0000000E+00
  0.0000000E+00
  0.0000000E+00
  -1.012360    
  0.0000000E+00
 -0.4944964    
  -1.037489    
  0.0000000E+00
 -0.8022516    
 -0.7763188    
  0.0000000E+00
  0.0000000E+00
  0.0000000E+00
 -0.3201409    
  0.0000000E+00
 -0.7910257    
  0.0000000E+00
  0.0000000E+00
  0.0000000E+00
  0.0000000E+00
  0.0000000E+00
 -0.6318778    
 -0.4086029    
  0.0000000E+00
  0.0000000E+00
 -0.7332643    
  0.0000000E+00
  0.0000000E+00
  0.0000000E+00
  0.0000000E+00
  0.0000000E+00
 -0.1960617    
  0.0000000E+00
  0.0000000E+00
  0.0000000E+00
  0.0000000E+00
  0.0000000E+00
  0.0000000E+00
 -0.4305645    
  0.0000000E+00
 -0.7890167    
  0.0000000E+00
  0.0000000E+00
  0.0000000E+00
  0.0000000E+00
 -0.2692640    
  0.0000000E+00
  0.0000000E+00
  0.0000000E+00
  0.0000000E+00
  0.0000000E+00
  -1.691494    
  0.0000000E+00
 -0.4331573    
 -0.3487630    
  0.0000000E+00
 -0.6643592    
 -0.5518574    
  0.0000000E+00
  0.0000000E+00
  0.0000000E+00
 -0.5995242    
  0.0000000E+00
 -0.9285117    
  0.0000000E+00
  0.0000000E+00
  0.0000000E+00
 -0.2746202    
  0.0000000E+00
 -0.4170687    
 -0.9342341    
  0.0000000E+00
  -1.127501    
 -0.2850497    
  0.0000000E+00
  0.0000000E+00
  0.0000000E+00
  -1.003388    
  0.0000000E+00
  0.0000000E+00
  0.0000000E+00
  0.0000000E+00
  0.0000000E+00
 -0.5454065    
  0.0000000E+00
 -0.3365424    
  0.0000000E+00
  0.0000000E+00
  0.0000000E+00
 -0.5360057    
  0.0000000E+00
  0.0000000E+00
  0.0000000E+00
 -0.2478451    
  0.0000000E+00
 -0.5787862    
  0.0000000E+00
  0.0000000E+00
       10000
