# PepAD backup format 2
  -32.1643598699988     
  -41.5986292982520     
  -5.968018    
  -1.210001    
 -0.5231249    
         193
  0.0000000E+00
  0.0000000E+00
  0.0000000E+00
  0.0000000E+00
  0.0000000E+00
  0.0000000E+00
 -0.4437566    
 -0.6411594    
  0.0000000E+00
 -0.3384923    
  0.0000000E+00
  0.0000000E+00
  0.0000000E+00
 -0.7412291    
  0.0000000E+00
  0.0000000E+00
  0.0000000E+00
 -0.7259848    
  0.0000000E+00
  0.0000000E+00
 -0.7258003    
 -0.7420783    
 -0.1796692    
 -0.3999600    
  0.0000000E+00
 -0.3582544    
  0.0000000E+00
  0.0000000E+00
  0.0000000E+00
 -0.6878875    
 -0.8122891    
  0.0000000E+00
  0.0000000E+00
  0.0000000E+00
  0.0000000E+00
  0.0000000E+00
  0.7236034    
 -0.4024976    
 -0.3898540    
 -0.6921220    
  0.0000000E+00
 -0.7272457    
  0.0000000E+00
  0.0000000E+00
  0.0000000E+00
 -0.7666603    
 -0.7207865    
  0.0000000E+00
  0.0000000E+00
  0.0000000E+00
  0.0000000E+00
  0.0000000E+00
 -0.2597198    
  5.1319128E-04
 -0.3967456    
 -0.3589141    
  0.0000000E+00
  0.0000000E+00
  0.0000000E+00
  0.0000000E+00
  0.0000000E+00
  0.0000000E+00
  0.0000000E+00
  0.0000000E+00
  0.0000000E+00
  0.0000000E+00
  0.0000000E+00
  0.0000000E+00
 -0.3352099    
  0.0000000E+00
 -0.3326570    
 -0.2727453    
  0.0000000E+00
  0.0000000E+00
  0.0000000E+00
  0.0000000E+00
  0.0000000E+00
  0.0000000E+00
 -0.8428274    
  0.0000000E+00
  0.0000000E+00
  0.0000000E+00
  0.0000000E+00
  0.0000000E+00
 -0.6402217    
 -0.3658657    
 -0.6133232    
 -0.6992455    
  0.0000000E+00
 -0.2642398    
  0.0000000E+00
  0.0000000E+00
  0.0000000E+00
 -0.3336918    
 -0.4047710    
  0.0000000E+00
  0.0000000E+00
  0.0000000E+00
  0.0000000E+00
  0.0000000E+00
 -0.3626961    
  0.0000000E+00
 -0.6151476    
 -0.8222739    
  0.0000000E+00
 -0.3658024    
  0.0000000E+00
  0.0000000E+00
  0.0000000E+00
  0.0000000E+00
 -0.4388846    
  0.0000000E+00
  0.0000000E+00
  0.0000000E+00
  0.0000000E+00
  0.0000000E+00
  0.0000000E+00
  0.0000000E+00
  0.0000000E+00
 -0.3566515    
  0.0000000E+00
 -0.3124524    
  0.0000000E+00
  0.0000000E+00
  0.0000000E+00
 -0.6045881    
  0.0000000E+00
  0.0000000E+00
       10000
