# PepAD backup format 2
  -32.4735306666715     
  -44.2958396838529     
  -5.256184    
  -3.000000    
 -0.2830624    
         177
  0.0000000E+00
  0.0000000E+00
  0.0000000E+00
  0.0000000E+00
  0.0000000E+00
  0.0000000E+00
  0.0000000E+00
  0.0000000E+00
  0.0000000E+00
  0.0000000E+00
 -0.1999730    
  0.0000000E+00
  0.0000000E+00
  0.0000000E+00
  0.0000000E+00
  0.0000000E+00
  0.0000000E+00
 -0.7221864    
  0.0000000E+00
 -0.7212483    
  0.0000000E+00
 -0.7378469    
  0.0000000E+00
  0.0000000E+00
  0.0000000E+00
 -0.4397517    
 -0.5764278    
 -0.4087859    
  0.0000000E+00
  0.0000000E+00
 -0.1767891    
  0.0000000E+00
  0.0000000E+00
  0.0000000E+00
  0.0000000E+00
 -0.3968776    
  0.0000000E+00
  0.0000000E+00
  0.0000000E+00
  0.0000000E+00
  0.0000000E+00
 -7.1131503E-03
 -0.6022478    
 -0.8232375    
  0.0000000E+00
  0.0000000E+00
 -0.4734155    
  0.0000000E+00
  0.0000000E+00
  0.0000000E+00
  0.0000000E+00
 -0.3670802    
  0.0000000E+00
  0.0000000E+00
  0.0000000E+00
  0.0000000E+00
  0.0000000E+00
  0.0000000E+00
  0.0000000E+00
 -0.2991121    
  0.0000000E+00
  0.0000000E+00
  0.0000000E+00
  0.0000000E+00
  0.0000000E+00
  0.0000000E+00
  0.0000000E+00
  0.0000000E+00
  0.0000000E+00
  0.0000000E+00
  0.0000000E+00
  0.0000000E+00
  0.0000000E+00
  0.0000000E+00
 -0.3362787    
  0.0000000E+00
  0.0000000E+00
  0.0000000E+00
 -0.3084374    
  0.0000000E+00
  0.0000000E+00
 -0.3596536    
  0.0000000E+00
  0.0000000E+00
  0.0000000E+00
 -0.3270666    
  0.0000000E+00
  0.0000000E+00
  0.0000000E+00
  0.3516218    
 -0.4623711    
 -0.3608382    
  0.0000000E+00
  0.0000000E+00
 -0.1009934    
  0.0000000E+00
  0.0000000E+00
 -0.7706193    
  0.0000000E+00
  0.0000000E+00
  0.0000000E+00
  0.0000000E+00
  0.0000000E+00
  0.0000000E+00
  0.0000000E+00
 -0.3679778    
 -0.4807135    
 -6.9592409E-02
  0.0000000E+00
  0.0000000E+00
 -0.3070138    
  0.0000000E+00
  0.0000000E+00
  0.0000000E+00
  0.0000000E+00
 -0.3174521    
  0.0000000E+00
 -0.3538776    
  0.0000000E+00
  0.0000000E+00
  0.0000000E+00
 -0.4059522    
  0.0000000E+00
 -0.1868170    
  0.0000000E+00
  0.0000000E+00
  -1.161233    
  0.0000000E+00
       10000
