  -12.47895    
  -12.47895    
  -12.47895    
  -12.47895    
  -12.47895    
  -12.47895    
  -12.47895    
  -12.47895    
  -12.47895    
  -12.47895    
  -5.29427781168187     
  -17.0169036633130     
  -10.22634    
  -1.160000    
  0.4118571    
          18
  -1.308885    
  0.0000000E+00
  0.0000000E+00
 -0.6941895    
  0.0000000E+00
  0.0000000E+00
  0.0000000E+00
  -2.323431    
  0.0000000E+00
  0.0000000E+00
  -2.260000    
  0.0000000E+00
  -1.263871    
  0.0000000E+00
 -0.5848630    
 -0.4752370    
  0.0000000E+00
  -2.260000    
  0.0000000E+00
 -0.7693255    
  -1.289015    
 -0.6371757    
 -0.3589004    
  0.0000000E+00
  -2.260000    
  0.0000000E+00
  -1.302300    
  0.0000000E+00
  0.0000000E+00
 -0.5303451    
  0.0000000E+00
 -9.8242246E-02
  0.0000000E+00
  -1.716778    
  0.0000000E+00
  -3.965581    
  0.0000000E+00
  0.0000000E+00
  -2.260000    
  0.0000000E+00
  -1.374976    
  0.0000000E+00
  -1.887608    
 -0.9949644    
  0.0000000E+00
  -2.260000    
  0.0000000E+00
  -1.002532    
 -0.2730137    
  -1.866112    
  0.0000000E+00
  0.0000000E+00
  0.0000000E+00
  0.0000000E+00
  0.0000000E+00
  0.0000000E+00
       10000
