           2           6  -2.89015079068702      MLVLEGR
           2           7  -3.67199106031910      MLLVEGR
           3           3  -7.87038719990153      MLLVEGE
           3           4  -7.87038719990153      MLLVEGE
           3           5  -7.87038719990153      MLLVEGE
           3           6  -7.87038719990153      MLLVEGE
           3           7  -7.87038719990153      MLLVEGE
           4           1  -7.87038719990153      MLLVEGE
           4           2  -7.87038719990153      MLLVEGE
           5           5  -8.56703902601538      MLLVEGD
           7           5  -8.89523610377290      MLVVDGD
           7           6  -8.89523610377290      MLVVDGD
           7           7  -8.89523610377290      MLVVDGD
           8           1  -8.89523610377290      MLVVDGD
           8           2  -8.89523610377290      MLVVDGD
           8           3  -8.89523610377290      MLVVDGD
           8           4  -8.89523610377290      MLVVDGD
           8           5  -8.89523610377290      MLVVDGD
           8           6  -8.89523610377290      MLVVDGD
           8           7  -8.89523610377290      MLVVDGD
           9           1  -8.89523610377290      MLVVDGD
           9           2  -8.89523610377290      MLVVDGD
           9           3  -8.89523610377290      MLVVDGD
          38           1  -8.91712366302369      GLVVFDD
          38           3  -9.29829222259883      GLVVFDD
          38           4  -9.29829222259883      GLVVFDD
          55           4  -9.81505014103436      MLLVEGE
          55           5  -9.81505014103436      MLLVEGE
          55           6  -9.81505014103436      MLLVEGE
          55           7  -10.0293440983456      MLLVEGD
          63           4  -10.2303263828821      MLIVEGD
         233           2  -10.6209342100953      KLVVFGD
         237           1  -10.6317092729855      KLMVFGD
         252           1  -10.6557335220681      MLIVEGD
         252           2  -10.6557335220681      MLIVEGD
         252           3  -10.6557335220681      MLIVEGD
         252           4  -10.6557335220681      MLIVEGD
         252           5  -10.6557335220681      MLIVEGD
         252           6  -10.6557335220681      MLIVEGD
        1054           2  -11.0394107611914      KLVVFGD
        1054           3  -11.0394107611914      KLVVFGD
        1054           4  -11.0394107611914      KLVVFGD
        1054           5  -11.0394107611914      KLVVFGD
        1054           6  -11.0394107611914      KLVVFGD
        1054           7  -11.0394107611914      KLVVFGD
        1055           1  -11.0394107611914      KLVVFGD
        1055           2  -11.0394107611914      KLVVFGD
        1055           3  -11.0394107611914      KLVVFGD
        1055           4  -11.0394107611914      KLVVFGD
        1055           5  -11.0394107611914      KLVVFGD
        1055           6  -11.0394107611914      KLVVFGD
        1055           7  -11.0394107611914      KLVVFGD
        1056           1  -11.0394107611914      KLVVFGD
        1056           2  -11.0394107611914      KLVVFGD
        1056           3  -11.0394107611914      KLVVFGD
        1056           4  -11.0394107611914      KLVVFGD
        1056           5  -11.0394107611914      KLVVFGD
        1056           6  -11.0394107611914      KLVVFGD
        1056           7  -11.0394107611914      KLVVFGD
        1057           1  -11.0394107611914      KLVVFGD
        1057           2  -11.0394107611914      KLVVFGD
        1057           3  -11.0394107611914      KLVVFGD
        1057           4  -11.0394107611914      KLVVFGD
        1057           5  -11.0394107611914      KLVVFGD
        1057           6  -11.0394107611914      KLVVFGD
        1057           7  -11.0394107611914      KLVVFGD
        1058           1  -11.0394107611914      KLVVFGD
        1058           2  -11.0394107611914      KLVVFGD
        1058           3  -11.0394107611914      KLVVFGD
        1058           4  -11.0394107611914      KLVVFGD
        1058           5  -11.0394107611914      KLVVFGD
        1058           6  -11.0394107611914      KLVVFGD
        1058           7  -11.0394107611914      KLVVFGD
        1059           1  -11.0394107611914      KLVVFGD
        1059           2  -11.0394107611914      KLVVFGD
        1059           3  -11.0394107611914      KLVVFGD
        1059           4  -11.0394107611914      KLVVFGD
        1059           5  -11.0394107611914      KLVVFGD
        1059           6  -11.0394107611914      KLVVFGD
        1059           7  -11.0394107611914      KLVVFGD
        1060           1  -11.0394107611914      KLVVFGD
        1060           2  -11.0394107611914      KLVVFGD
        1060           3  -11.0394107611914      KLVVFGD
        1060           4  -11.0394107611914      KLVVFGD
        1060           5  -11.0394107611914      KLVVFGD
        1060           6  -11.0394107611914      KLVVFGD
        1060           7  -11.0394107611914      KLVVFGD
        1061           1  -11.0394107611914      KLVVFGD
        1693           1  -11.2926069201960      KLIVMGD
        3587           3  -11.3344498153337      KLIVEGV
        3587           4  -11.3344498153337      KLIVEGV
        3587           5  -11.3344498153337      KLIVEGV
        3587           6  -11.3344498153337      KLIVEGV
        3587           7  -11.3344498153337      KLIVEGV
        3588           1  -11.3344498153337      KLIVEGV
        3588           2  -11.3344498153337      KLIVEGV
        3588           3  -11.3344498153337      KLIVEGV
        3588           4  -11.3344498153337      KLIVEGV
        3588           5  -11.3344498153337      KLIVEGV
        3588           6  -11.3344498153337      KLIVEGV
        3588           7  -11.3344498153337      KLIVEGV
        3589           1  -11.3344498153337      KLIVEGV
        3589           2  -11.3344498153337      KLIVEGV
        6745           3  -11.7991132690353      KLIVEGV
        7080           6  -12.4789485188468      KLIVMGD
