  -34.47271    
  -34.47271    
  -34.26444    
  -34.26444    
  -34.26444    
  -34.26444    
  -34.26444    
  -34.26444    
  -34.26444    
  -34.26444    
  -30.5606227977615     
  -40.6464029414993     
  -4.857904    
  -3.920001    
   1.306062    
           2
  0.0000000E+00
  0.0000000E+00
  0.0000000E+00
  0.0000000E+00
  0.0000000E+00
 -0.3376277    
  0.0000000E+00
  0.0000000E+00
 -0.3202864    
  0.0000000E+00
  0.8123428    
  0.0000000E+00
  0.0000000E+00
  -1.231768    
  0.0000000E+00
  0.0000000E+00
  0.0000000E+00
  0.0000000E+00
  0.0000000E+00
 -0.6386276    
  0.0000000E+00
 -0.5249349    
  0.0000000E+00
  0.0000000E+00
 -0.3325569    
 -0.3694032    
 -0.3726318    
  0.0000000E+00
  0.0000000E+00
 -0.3649974    
  0.0000000E+00
  0.0000000E+00
  0.0000000E+00
  0.0000000E+00
  0.0000000E+00
 -0.3983718    
  0.0000000E+00
 -0.5838180    
  0.0000000E+00
  0.0000000E+00
 -0.2825045    
  0.8218049    
 -0.3482767    
  0.0000000E+00
  0.0000000E+00
 -0.8945933    
  0.0000000E+00
  0.0000000E+00
  0.0000000E+00
  0.0000000E+00
  0.0000000E+00
 -0.3649939    
  0.0000000E+00
 -0.2848268    
  0.0000000E+00
  0.0000000E+00
  0.0000000E+00
  -1.281762    
  0.0000000E+00
  0.0000000E+00
  0.0000000E+00
  0.0000000E+00
  0.0000000E+00
  0.0000000E+00
  0.0000000E+00
  0.0000000E+00
  0.0000000E+00
  0.0000000E+00
  0.0000000E+00
  0.0000000E+00
  0.0000000E+00
  0.0000000E+00
 -0.3319276    
  0.0000000E+00
 -0.7893713    
  0.0000000E+00
  0.0000000E+00
  0.0000000E+00
  0.0000000E+00
  0.0000000E+00
  0.0000000E+00
  0.0000000E+00
  0.0000000E+00
  0.0000000E+00
  0.0000000E+00
 -0.5727740    
  0.0000000E+00
  0.0000000E+00
  0.0000000E+00
  0.1184176    
 -0.3874994    
  0.0000000E+00
  0.0000000E+00
 -0.3361661    
  0.0000000E+00
  0.0000000E+00
  0.0000000E+00
  0.0000000E+00
  0.0000000E+00
  0.0000000E+00
  0.0000000E+00
 -0.2766238    
  0.0000000E+00
  0.0000000E+00
  0.0000000E+00
 -0.3658783    
  0.0000000E+00
  0.0000000E+00
  0.0000000E+00
  0.0000000E+00
  0.0000000E+00
  0.0000000E+00
  0.0000000E+00
  0.0000000E+00
  0.0000000E+00
 -0.3130997    
  0.0000000E+00
 -0.5716850    
  0.0000000E+00
  0.0000000E+00
  0.0000000E+00
 -0.6134064    
  0.0000000E+00
  0.0000000E+00
  0.0000000E+00
 -0.5843298    
  0.0000000E+00
  0.0000000E+00
       10000
