# PepAD backup format 2
  -8.83150912812047     
  -13.8796713500290     
  -5.589020    
  -1.440000    
   1.710429    
         160
  0.0000000E+00
  0.0000000E+00
  0.0000000E+00
  0.0000000E+00
  0.0000000E+00
 -0.2506978    
  0.0000000E+00
 -0.3117860    
 -0.1938692    
  0.0000000E+00
  0.0000000E+00
  0.0000000E+00
  -2.260000    
  0.0000000E+00
  0.0000000E+00
 -0.2011204    
  0.0000000E+00
  0.0000000E+00
  0.0000000E+00
  -2.260000    
  0.0000000E+00
 -0.2130724    
  -1.014316    
  0.0000000E+00
  0.0000000E+00
  0.0000000E+00
  -2.260000    
  0.0000000E+00
 -0.2100943    
 -0.1942556    
  0.0000000E+00
  0.0000000E+00
  0.0000000E+00
 -0.2232812    
  0.0000000E+00
  -2.260000    
  0.0000000E+00
  0.0000000E+00
  0.0000000E+00
  0.0000000E+00
  -2.260000    
  0.0000000E+00
 -0.4904924    
  -1.069020    
  0.0000000E+00
  0.0000000E+00
  0.0000000E+00
  -2.260000    
  0.0000000E+00
 -0.4248045    
  0.0000000E+00
  0.0000000E+00
  0.0000000E+00
  0.0000000E+00
  0.0000000E+00
  0.0000000E+00
       10000
