    # Rank      Step     Trial Sequence                                Score          Gbind    Lambda_Pagg
         1      4707         2 MIKVGVD                              -14.0910       -14.1676        -0.0766
         2      6343         7 MKFGDVV                              -14.0515       -13.9038         0.1477
         3      6349         3 MKWGDVV                              -13.9122       -13.5833         0.3289
         4      4663         4 MIKVGEV                              -13.8875       -14.2812        -0.3937
         5      4699         2 MMKIGVD                              -13.4186       -13.4898        -0.0711
         6      1968         5 MKIGEVV                              -13.3949       -13.7887        -0.3937
         7      4716         2 MIKVGDV                              -13.1649       -13.2415        -0.0766
         8      2113         6 MKIMEGV                              -13.1205       -13.5088        -0.3883
         9      1961         6 MKIGMVD                              -13.0722       -13.1434        -0.0711
        10      4714         6 MIKVGVE                              -13.0657       -13.4594        -0.3937
