# PepAD backup format 2
  -23.5547212524123     
  -42.8879183692641     
  -12.20120    
  -3.319999    
 -0.2460001    
          25
  0.0000000E+00
  0.0000000E+00
  0.0000000E+00
  0.0000000E+00
  0.0000000E+00
 -0.3132955    
  0.0000000E+00
  -2.260000    
 -0.6193224    
  0.0000000E+00
  -1.869128    
  0.0000000E+00
  0.0000000E+00
  0.0000000E+00
  0.0000000E+00
  0.0000000E+00
  0.0000000E+00
 -0.5396725    
  0.0000000E+00
 -0.3525324    
 -0.3463339    
 -0.2822165    
  0.0000000E+00
 -0.4775334    
  -1.738014    
  0.0000000E+00
 -0.8017983    
 -0.6630661    
  0.0000000E+00
  0.0000000E+00
  0.0000000E+00
  0.0000000E+00
  0.0000000E+00
 -0.9574729    
  0.0000000E+00
 -0.3965445    
 -0.3295942    
 -0.6624526    
  0.0000000E+00
  -2.260000    
  0.0000000E+00
  0.0000000E+00
  -1.672865    
  -1.529446    
  0.0000000E+00
  0.0000000E+00
  0.0000000E+00
  0.0000000E+00
  0.0000000E+00
  0.0000000E+00
  0.0000000E+00
 -0.3551600    
  0.0000000E+00
  0.0000000E+00
  0.0000000E+00
  -2.260000    
 -0.6536384    
  0.0000000E+00
  0.0000000E+00
 -0.7377257    
  0.0000000E+00
  0.0000000E+00
  0.0000000E+00
  0.0000000E+00
  0.0000000E+00
 -0.3164090    
  0.0000000E+00
  0.0000000E+00
 -0.6903726    
 -0.3104811    
  0.0000000E+00
  -2.260000    
 -0.6380020    
  0.0000000E+00
  0.3934123    
  0.0000000E+00
  0.0000000E+00
  0.0000000E+00
  0.0000000E+00
  0.0000000E+00
  0.0000000E+00
  -1.328294    
  0.0000000E+00
  0.0000000E+00
  -2.056000    
  -1.023772    
  0.0000000E+00
 -0.3664713    
 -0.6557834    
  0.0000000E+00
 -0.6185050    
 -0.3507105    
  0.0000000E+00
  0.0000000E+00
  0.0000000E+00
  0.0000000E+00
  0.0000000E+00
 -0.5797988    
  0.0000000E+00
  0.0000000E+00
  -2.056000    
 -0.3208830    
  0.0000000E+00
  -2.260000    
 -0.3171056    
  0.0000000E+00
  0.0000000E+00
 -0.7754533    
  0.0000000E+00
  0.0000000E+00
  0.0000000E+00
  0.0000000E+00
  0.0000000E+00
 -0.5283400    
  0.0000000E+00
  0.0000000E+00
  0.0000000E+00
 -0.3165830    
  0.0000000E+00
 -0.4027353    
  0.0000000E+00
  0.0000000E+00
  0.0000000E+00
 -0.6963678    
  0.0000000E+00
  0.0000000E+00
  0.0000000E+00
  0.0000000E+00
       10000
